mean_time: -0.0006863844580948352
std_time: 0.0020352689700535906
mean_size: 12102.6
std_size: 4191.844228976072
